M12.017487,2.294627 A 9.6075376,9.6075376 0 0 0 5.2836079,5.0506439 l
0.435883,0.4375992 h 0.00171 a 8.9894052,8.9894052 0 0 1 6.2962811,-2.575829
8.9894052,8.9894052 0 0 1 8.990518,8.9888019 8.9894052,8.9894052 0
0 1 -2.251491,5.95135 l 0.437602,0.437599 A 9.6075376,9.6075376 0 0
0 21.625793,11.901216 9.6075376,9.6075376 0 0 0 12.017487,2.294627 Z M
2.4229104,2.5571865 c -0.036312,0.00618 -0.065611,0.048727 -0.08752,0.1390022
0.3955921,1.0171388 1.0798226,1.9026405 1.7040627,2.7920544 0.5118946,0.6730002
1.4039355,1.2277898 1.3865888,2.1708352 -0.3703394,1.1039008 0.1750636,2.2118286
0.4290189,3.2794197 0.4186276,0.821148 0.4885122,1.746871 0.8700502,2.582693
0.4921908,0.967602 0.9252824,2.108912 1.9151399,2.670214 0.956688,0.646058
2.2252491,0.899797 3.2880011,0.353512 0.924578,-0.290426 1.77285,-1.50503
2.802351,-0.878631 2.174399,1.860414 4.114098,3.979693 6.284268,5.844952
0.266897,0.249273 0.945353,0.336064 0.504525,-0.219658 -1.589648,-1.583912
-3.392544,-2.949092 -4.909691,-4.611094 -0.508465,-0.702339 -1.422257,-1.268567
-1.517011,-2.170835 0.13272,-0.978153 1.167756,-1.330098 1.479257,-2.198293
0.577624,-1.010351 0.03069,-2.166393 -0.600626,-3.0031311 C 15.316273,8.7252215
14.726669,8.0360529 13.972098,7.5749906 13.11994,7.3813259 12.207199,7.1983191
11.372243,6.8267818 10.60452,6.237164 9.6129879,6.278585 8.707178,6.1060302
7.7055878,5.8501406 6.7057917,6.3409074 5.7109106,6.1815375 4.7448053,5.6568719
4.0694265,4.7202056 3.3633196,3.8974413 3.0499709,3.6842285 2.6312264,2.5217461
2.4229104,2.5571865 Z M 4.1973321,6.3239718 A 9.6075376,9.6075376 0 0 0
2.4108978,11.901216 9.6075376,9.6075376 0 0 0 12.017487,21.509522 9.6075376,9.6075376
0 0 0 17.98085,19.436503 L 17.539818,18.995472 A 8.9894052,8.9894052 0 0 1
12.017487,20.891735 8.9894052,8.9894052 0 0 1 3.0286849,11.901216 8.9894052,8.9894052
0 0 1 4.6400796,6.7667191 Z
