M3.094183,4.1895984 v 3.1793768 h 1.3358726 c 0.970734,0 1.1399446,0.6501247
1.1399446,1.558518 v 5.6195708 c 0,2.903297 2.5559695,5.263338 5.6997228,5.263338
h 7.765873 c 0.979639,0 1.870221,-0.623407 1.870221,-1.57633 V 9.5063716 c
0,-2.9122025 -2.555969,-5.272244 -5.699723,-5.272244 h -3.268435 v -0.00891 L
3.094183,4.1895984 v 0 m 4.1144875,1.9859972 h 1.558518 v 8.0063304 c 0,1.068698
0.730277,1.905845 1.5941415,1.905845 l 5.316773,0.01781 c 1.113227,0 1.977091,-0.7659
1.977091,-1.674293 l -0.0089,-4.248075 c 0,-0.2760804 -0.08906,-0.4898204
-0.302798,-0.6857484 -0.187022,-0.204834 -0.391856,-0.293892 -0.667936,-0.293892
-0.27608,0 -0.480914,0.08906 -0.667936,0.293892 -0.204834,0.195928
-0.302798,0.409668 -0.302798,0.6857484 v 3.642479 H 14.05725 v -3.642479 c
0,-0.2760804 -0.08906,-0.4898204 -0.27608,-0.6857484 -0.204834,-0.204834
-0.409668,-0.293892 -0.694654,-0.293892 -0.267175,0 -0.480914,0.08906
-0.676842,0.293892 -0.195928,0.195928 -0.284986,0.409668 -0.284986,0.6857484
v 3.642479 h -1.647583 v -3.642479 c 0,-0.7213714 0.258269,-1.3536848
0.765901,-1.8702222 0.507631,-0.5076315 1.139944,-0.7659003 1.843504,-0.7659003
0.694654,0 1.300249,0.2493628 1.798975,0.730277 0.48982,-0.4809142
1.095415,-0.730277 1.790069,-0.730277 0.712465,0 1.344778,0.2582688
1.843504,0.7659003 0.507632,0.5165374 0.774806,1.1488508 0.774806,1.8702222
l 0.0089,4.541967 c -0.08015,0.756994 -0.400762,1.433836 -0.952922,2.003808
v 0 c -0.650125,0.650125 -1.451648,0.988546 -2.34223,0.988546 H 10.067438 C
9.328255,17.646289 8.695942,17.298962 8.1615929,16.773518 7.5470916,16.141205
7.2086705,15.375305 7.2086705,14.484723 Z
