M12 2 A 10.00014 10.00014 0 0 0 2 12 A 10.00014 10.00014 0 0 0 12 22 A 10.00014
10.00014 0 0 0 22 12 A 10.00014 10.00014 0 0 0 12 2 z M 12 3.078125 A 8.9211263
8.9211263 0 0 1 20.921875 12 A 8.9211263 8.9211263 0 0 1 12 20.921875 A 8.9211263
8.9211263 0 0 1 3.078125 12 A 8.9211263 8.9211263 0 0 1 12 3.078125 z M 13.080078
4.9375 C 11.643316 4.97024 10.223831 5.2279159 8.9414062 5.9511719 C 7.4664985
6.8093879 6.4586915 8.5400393 8.1796875 10.396484 C 9.6072172 11.93945 11.771431
12.412235 13.386719 13.695312 C 14.091728 14.265408 14.574499 15.251849 14.21875
16.146484 C 13.634193 17.418536 12.280748 18.151753 10.970703 18.470703 C 9.7752219
18.861299 7.2773438 18.763672 7.2773438 18.763672 C 9.5928374 19.385949 15.117685
19.102832 16.574219 15.939453 C 17.760121 12.819726 14.176659 11.339644 11.90625
10.25 C 10.976025 9.7950881 9.848404 8.9231001 9.734375 8.0332031 C 9.666815
7.5059371 9.9831597 5.7845929 13.998047 5.2480469 C 14.725807 5.1019639 16.195312
5.171875 16.195312 5.171875 C 16.195312 5.171875 15.021245 5.0189401 14.519531
4.9707031 C 14.041796 4.9406631 13.559 4.92659 13.080078 4.9375 z
